# Made in Blockbench 4.12.5
mtllib camrea.mtl

o cube
v 0.125 0.125 0.125
v 0.125 0.125 -0.125
v 0.125 0 0.125
v 0.125 0 -0.125
v -0.125 0.125 -0.125
v -0.125 0.125 0.125
v -0.125 0 -0.125
v -0.125 0 0.125
vt 0.375 0.71875
vt 0.5 0.71875
vt 0.5 0.65625
vt 0.375 0.65625
vt 0.3125 0.3125
vt 0.4375 0.3125
vt 0.4375 0.25
vt 0.3125 0.25
vt 0.6875 0.65625
vt 0.8125 0.65625
vt 0.8125 0.59375
vt 0.6875 0.59375
vt 0.4375 0.3125
vt 0.5625 0.3125
vt 0.5625 0.25
vt 0.4375 0.25
vt 0.625 0.6875
vt 0.5 0.6875
vt 0.5 0.8125
vt 0.625 0.8125
vt 0.25 0.4375
vt 0.125 0.4375
vt 0.125 0.3125
vt 0.25 0.3125
vn 0 0 -1
vn 1 0 0
vn 0 0 1
vn -1 0 0
vn 0 1 0
vn 0 -1 0
usemtl m_e544e998-24f3-80f4-3e71-e1bbc57b5c57
f 4/4/1 7/3/1 5/2/1 2/1/1
f 3/8/2 4/7/2 2/6/2 1/5/2
f 8/12/3 3/11/3 1/10/3 6/9/3
f 7/16/4 8/15/4 6/14/4 5/13/4
f 6/20/5 1/19/5 2/18/5 5/17/5
f 7/24/6 4/23/6 3/22/6 8/21/6
o cube
v 0.0625 0.4375 0.03125
v 0.0625 0.4375 -0.09375000000000003
v 0.0625 0.125 0.03125
v 0.0625 0.125 -0.09375000000000003
v -0.0625 0.4375 -0.09375000000000003
v -0.0625 0.4375 0.03125
v -0.0625 0.125 -0.09375000000000003
v -0.0625 0.125 0.03125
vt 0.125 0.3125
vt 0.1875 0.3125
vt 0.1875 0.15625
vt 0.125 0.15625
vt 0.1875 0.3125
vt 0.25 0.3125
vt 0.25 0.15625
vt 0.1875 0.15625
vt 0.6875 0.8125
vt 0.75 0.8125
vt 0.75 0.65625
vt 0.6875 0.65625
vt 0.25 0.3125
vt 0.3125 0.3125
vt 0.3125 0.15625
vt 0.25 0.15625
vt 0.8125 0.71875
vt 0.75 0.71875
vt 0.75 0.78125
vt 0.8125 0.78125
vt 0.8125 0.71875
vt 0.75 0.71875
vt 0.75 0.65625
vt 0.8125 0.65625
vn 0 0 -1
vn 1 0 0
vn 0 0 1
vn -1 0 0
vn 0 1 0
vn 0 -1 0
usemtl m_e544e998-24f3-80f4-3e71-e1bbc57b5c57
f 12/28/7 15/27/7 13/26/7 10/25/7
f 11/32/8 12/31/8 10/30/8 9/29/8
f 16/36/9 11/35/9 9/34/9 14/33/9
f 15/40/10 16/39/10 14/38/10 13/37/10
f 14/44/11 9/43/11 10/42/11 13/41/11
f 15/48/12 12/47/12 11/46/12 16/45/12
o cube
v 0.09375 0.4028149794397152 0.1386196502136705
v 0.09375 0.5260094868219749 0.11745096223254244
v 0.09375 0.36047760347745905 -0.1077693645508491
v 0.09375 0.48367211085971884 -0.12893805253197715
v -0.09375 0.5260094868219749 0.11745096223254244
v -0.09375 0.4028149794397152 0.1386196502136705
v -0.09375 0.48367211085971884 -0.12893805253197715
v -0.09375 0.36047760347745905 -0.1077693645508491
vt 0.375 0.4375
vt 0.46875 0.4375
vt 0.46875 0.3125
vt 0.375 0.3125
vt 0.625 0.8125
vt 0.6875 0.8125
vt 0.6875 0.6875
vt 0.625 0.6875
vt 0.46875 0.4375
vt 0.5625 0.4375
vt 0.5625 0.3125
vt 0.46875 0.3125
vt 0.6875 0.40625
vt 0.75 0.40625
vt 0.75 0.28125
vt 0.6875 0.28125
vt 0.78125 0.21875
vt 0.6875 0.21875
vt 0.6875 0.28125
vt 0.78125 0.28125
vt 0.09375 0.25
vt 0 0.25
vt 0 0.1875
vt 0.09375 0.1875
vn 0 0.9855560590580779 -0.16934950384902447
vn 1 0 0
vn 0 -0.9855560590580779 0.16934950384902447
vn -1 0 0
vn 0 0.16934950384902447 0.9855560590580779
vn 0 -0.16934950384902447 -0.9855560590580779
usemtl m_e544e998-24f3-80f4-3e71-e1bbc57b5c57
f 20/52/13 23/51/13 21/50/13 18/49/13
f 19/56/14 20/55/14 18/54/14 17/53/14
f 24/60/15 19/59/15 17/58/15 22/57/15
f 23/64/16 24/63/16 22/62/16 21/61/16
f 22/68/17 17/67/17 18/66/17 21/65/17
f 23/72/18 20/71/18 19/70/18 24/69/18
o cube
v 0.053749429033025126 0.32140518153785513 0.3603221666216608
v 0.3408829456999455 0.7889231301435073 0.23627555708294867
v 0.026790062770557843 0.27326576939221253 0.11648658765706817
v 0.3139235794374782 0.7407837179978647 -0.007560021881643925
v 0.12760465141292038 0.9193366150444664 0.2341094218137585
v -0.15952886525399998 0.45181866643881424 0.3581560313524706
v 0.1006452851504531 0.8711972028988239 -0.009726157150834136
v -0.18648823151646726 0.40367925429317164 0.11432045238787795
vt 0.25 0.4375
vt 0.375 0.4375
vt 0.375 0.3125
vt 0.25 0.3125
vt 0 0.65625
vt 0.28125 0.65625
vt 0.28125 0.53125
vt 0 0.53125
vt 0.5625 0.6875
vt 0.6875 0.6875
vt 0.6875 0.5625
vt 0.5625 0.5625
vt 0.28125 0.65625
vt 0.5625 0.65625
vt 0.5625 0.53125
vt 0.28125 0.53125
vt 0.5 0.71875
vt 0.375 0.71875
vt 0.375 1
vt 0.5 1
vt 0.125 0.53125
vt 0 0.53125
vt 0 0.25
vt 0.125 0.25
vn 0.5104595851856365 0.8311430197433822 -0.22052730584659944
vn 0.8531131771481005 -0.5216539396038364 0.00866454107676082
vn -0.5104595851856365 -0.8311430197433822 0.22052730584659944
vn -0.8531131771481005 0.5216539396038364 -0.00866454107676082
vn 0.10783746504986916 0.19255764858257055 0.9753423158583706
vn -0.10783746504986916 -0.19255764858257055 -0.9753423158583706
usemtl m_e544e998-24f3-80f4-3e71-e1bbc57b5c57
f 28/76/19 31/75/19 29/74/19 26/73/19
f 27/80/20 28/79/20 26/78/20 25/77/20
f 32/84/21 27/83/21 25/82/21 30/81/21
f 31/88/22 32/87/22 30/86/22 29/85/22
f 30/92/23 25/91/23 26/90/23 29/89/23
f 31/96/24 28/95/24 27/94/24 32/93/24
o cube
v 0.08684109636688543 0.2775603206873595 0.4133795813844987
v 0.4377820611820105 0.8489711467609348 0.2617670586149616
v 0.0817862151926728 0.26853418091005143 0.36766041032863755
v 0.43272718000779786 0.8399450069836267 0.21604788755910048
v 0.13652647050158756 1.0331801941835395 0.25870739254723035
v -0.21441449431353754 0.46176936810996416 0.4103199153167675
v 0.13147158932737493 1.0241540544062315 0.2129882214913693
v -0.21946937548775014 0.4527432283326562 0.3646007442609064
vt 0.6875 0.59375
vt 0.859375 0.59375
vt 0.859375 0.5625
vt 0.6875 0.5625
vt 0.5625 0.5625
vt 0.90625 0.5625
vt 0.90625 0.53125
vt 0.5625 0.53125
vt 0.75 0.8125
vt 0.921875 0.8125
vt 0.921875 0.78125
vt 0.75 0.78125
vt 0.5625 0.4375
vt 0.90625 0.4375
vt 0.90625 0.40625
vt 0.5625 0.40625
vt 0.171875 0.65625
vt 0 0.65625
vt 0 1
vt 0.171875 1
vt 0.359375 1
vt 0.1875 1
vt 0.1875 0.65625
vt 0.359375 0.65625
vn 0.5104595851856365 0.8311430197433822 -0.22052730584659944
vn 0.8531131771481005 -0.5216539396038364 0.00866454107676082
vn -0.5104595851856365 -0.8311430197433822 0.22052730584659944
vn -0.8531131771481005 0.5216539396038364 -0.00866454107676082
vn 0.10783746504986916 0.19255764858257055 0.9753423158583706
vn -0.10783746504986916 -0.19255764858257055 -0.9753423158583706
usemtl m_e544e998-24f3-80f4-3e71-e1bbc57b5c57
f 36/100/25 39/99/25 37/98/25 34/97/25
f 35/104/26 36/103/26 34/102/26 33/101/26
f 40/108/27 35/107/27 33/106/27 38/105/27
f 39/112/28 40/111/28 38/110/28 37/109/28
f 38/116/29 33/115/29 34/114/29 37/113/29
f 39/120/30 36/119/30 35/118/30 40/117/30
o cube
v 0.0817862151926728 0.26853418091005143 0.36766041032863755
v 0.43272718000779786 0.8399450069836267 0.21604788755910048
v 0.06325165088722655 0.23543833505992215 0.20002344979048012
v 0.41419261570235166 0.8068491611334975 0.04841092702094303
v 0.38873853181109896 0.8668427882444496 0.21560112215982996
v 0.03779756699597388 0.29543196217087425 0.3672136449293671
v 0.3702039675056527 0.8337469423943202 0.04796416162167255
v 0.019263002690527622 0.26233611632074494 0.19957668439120965
vt 0.09375 0.25
vt 0.125 0.25
vt 0.125 0.15625
vt 0.09375 0.15625
vt 0.125 0.53125
vt 0.46875 0.53125
vt 0.46875 0.4375
vt 0.125 0.4375
vt 0.3125 0.25
vt 0.34375 0.25
vt 0.34375 0.15625
vt 0.3125 0.15625
vt 0.46875 0.53125
vt 0.8125 0.53125
vt 0.8125 0.4375
vt 0.46875 0.4375
vt 0.59375 0.0625
vt 0.5625 0.0625
vt 0.5625 0.40625
vt 0.59375 0.40625
vt 0.625 0.40625
vt 0.59375 0.40625
vt 0.59375 0.0625
vt 0.625 0.0625
vn 0.5104595851856365 0.8311430197433822 -0.22052730584659944
vn 0.8531131771481005 -0.5216539396038364 0.00866454107676082
vn -0.5104595851856365 -0.8311430197433822 0.22052730584659944
vn -0.8531131771481005 0.5216539396038364 -0.00866454107676082
vn 0.10783746504986916 0.19255764858257055 0.9753423158583706
vn -0.10783746504986916 -0.19255764858257055 -0.9753423158583706
usemtl m_e544e998-24f3-80f4-3e71-e1bbc57b5c57
f 44/124/31 47/123/31 45/122/31 42/121/31
f 43/128/32 44/127/32 42/126/32 41/125/32
f 48/132/33 43/131/33 41/130/33 46/129/33
f 47/136/34 48/135/34 46/134/34 45/133/34
f 46/140/35 41/139/35 42/138/35 45/137/35
f 47/144/36 44/143/36 43/142/36 48/141/36
o cube
v -0.1754807272910512 0.42584544707183336 0.3650475096601769
v 0.1754602375240739 0.9972562731454087 0.21343498689063978
v -0.19401529159649744 0.39274960122170405 0.19741054912201944
v 0.15692567321862763 0.9641604272952793 0.04579802635248234
v 0.13147158932737493 1.0241540544062315 0.2129882214913693
v -0.21946937548775014 0.4527432283326562 0.3646007442609064
v 0.11293702502192868 0.9910582085561022 0.04535126095321186
v -0.2380039397931964 0.41964738248252687 0.19696378372274895
vt 0.34375 0.25
vt 0.375 0.25
vt 0.375 0.15625
vt 0.34375 0.15625
vt 0.5 1
vt 0.84375 1
vt 0.84375 0.90625
vt 0.5 0.90625
vt 0.375 0.25
vt 0.40625 0.25
vt 0.40625 0.15625
vt 0.375 0.15625
vt 0.5 0.90625
vt 0.84375 0.90625
vt 0.84375 0.8125
vt 0.5 0.8125
vt 0.65625 0.0625
vt 0.625 0.0625
vt 0.625 0.40625
vt 0.65625 0.40625
vt 0.6875 0.40625
vt 0.65625 0.40625
vt 0.65625 0.0625
vt 0.6875 0.0625
vn 0.5104595851856365 0.8311430197433822 -0.22052730584659944
vn 0.8531131771481005 -0.5216539396038364 0.00866454107676082
vn -0.5104595851856365 -0.8311430197433822 0.22052730584659944
vn -0.8531131771481005 0.5216539396038364 -0.00866454107676082
vn 0.10783746504986916 0.19255764858257055 0.9753423158583706
vn -0.10783746504986916 -0.19255764858257055 -0.9753423158583706
usemtl m_e544e998-24f3-80f4-3e71-e1bbc57b5c57
f 52/148/37 55/147/37 53/146/37 50/145/37
f 51/152/38 52/151/38 50/150/38 49/149/38
f 56/156/39 51/155/39 49/154/39 54/153/39
f 55/160/40 56/159/40 54/158/40 53/157/40
f 54/164/41 49/163/41 50/162/41 53/161/41
f 55/168/42 52/167/42 51/166/42 56/165/42